   5.5766192690599899E-004
   2.2955072259046909E-004
   1.2805655785378699E-004
   8.0616241708178092E-005
   5.2012693011423430E-005
   3.3640697191655695E-005
   2.1739154929767555E-005
   1.4035715143683842E-005
   9.0570575459222119E-006
   5.8426199079232651E-006
   3.7684144516013280E-006
   2.4303818378995631E-006
   1.5673774999468128E-006
   1.0108012663689242E-006
   6.5186286683019693E-007
   4.2038554083571488E-007
   2.7110767872955407E-007
   1.7483933618935673E-007
   1.1275612776560201E-007
   7.2718519341927553E-008
   4.6897950739811849E-008
   3.0245913788371237E-008
   1.9506689542349039E-008
   1.2580689727706549E-008
   8.1138942114214006E-009
